0:(251,63);(318,112)
1:(258,55);(317,104)
2:(258,60);(316,108)
3:(263,61);(316,110)
4:(259,67);(313,113)
5:(260,61);(320,114)
6:(262,62);(328,118)
7:(261,65);(323,112)
8:(265,64);(325,111)
9:(257,57);(315,110)
10:(263,67);(315,112)
11:(260,66);(322,113)
12:(266,63);(324,111)
13:(260,66);(311,111)
14:(252,65);(313,110)
15:(260,69);(323,117)
16:(258,67);(320,113)
17:(260,67);(324,115)
18:(258,63);(318,110)
19:(265,65);(324,109)
20:(257,62);(326,110)
21:(266,62);(322,108)
22:(269,63);(323,110)
23:(261,61);(328,112)
24:(261,60);(324,112)
25:(262,62);(311,100)
26:(265,58);(317,107)
27:(263,64);(320,110)
28:(268,63);(314,107)
29:(267,61);(315,108)
30:(259,62);(315,108)
31:(263,60);(315,102)
32:(256,60);(314,105)
33:(267,63);(313,105)
34:(259,58);(314,104)
35:(262,66);(314,107)
36:(261,60);(317,106)
37:(266,59);(319,107)
38:(262,62);(318,104)
39:(261,58);(311,103)
40:(261,57);(316,102)
41:(258,57);(314,98)
42:(263,64);(308,108)
43:(257,80);(302,130)
44:(253,97);(295,137)
45:(246,106);(293,143)
46:(248,101);(292,143)
47:(241,94);(299,144)
48:(243,98);(296,143)
49:(241,96);(294,141)
50:(240,99);(292,144)
51:(242,92);(294,138)
52:(250,98);(297,135)
53:(246,91);(297,137)
54:(248,90);(305,140)
55:(245,89);(297,135)
56:(250,92);(302,135)
57:(247,85);(304,138)
58:(248,94);(304,141)
59:(244,88);(305,141)
60:(242,85);(302,138)
61:(236,90);(307,135)
62:(240,88);(304,135)
63:(246,82);(311,116)
64:(250,75);(324,122)
65:(250,76);(315,121)
66:(249,72);(308,122)
67:(247,75);(310,123)
68:(248,70);(313,123)
69:(249,72);(308,122)
70:(250,76);(309,127)
71:(258,83);(307,126)
72:(252,76);(307,124)
73:(249,79);(309,127)
74:(252,75);(311,119)
75:(255,84);(307,126)
76:(248,67);(302,111)
77:(246,55);(299,97)
78:(250,55);(298,100)
79:(244,54);(303,101)
80:(248,54);(305,107)
81:(246,58);(299,102)
82:(248,59);(301,100)
83:(251,59);(308,101)
84:(264,50);(317,98)
85:(254,42);(314,96)
86:(266,51);(315,96)
87:(255,49);(316,96)
88:(265,50);(316,92)
89:(265,54);(309,95)
90:(259,51);(312,102)
91:(264,53);(321,101)
92:(260,53);(314,100)
93:(262,51);(316,100)
94:(263,50);(313,93)
95:(264,55);(308,95)
96:(265,51);(311,93)
97:(253,45);(308,94)
98:(258,47);(313,93)
99:(261,49);(313,94)
100:(267,50);(311,95)
101:(263,48);(321,88)
102:(256,46);(311,92)
103:(263,44);(315,92)
104:(263,52);(309,91)
105:(263,49);(313,90)
106:(262,41);(315,87)
107:(257,41);(314,86)
108:(262,44);(319,88)
109:(264,45);(313,84)
110:(261,37);(312,82)
111:(258,36);(320,81)
112:(267,39);(319,80)
113:(266,37);(323,83)
114:(268,39);(322,87)
115:(264,41);(325,88)
116:(269,44);(322,88)
117:(268,43);(326,89)
118:(267,42);(329,90)
119:(263,39);(325,91)
120:(257,40);(331,98)
121:(265,53);(328,102)
122:(259,48);(317,97)
123:(244,61);(297,107)
124:(248,65);(305,108)
125:(245,70);(298,101)
126:(252,63);(301,107)
127:(246,65);(297,109)
128:(242,64);(302,111)
129:(238,66);(299,110)
130:(241,69);(288,109)
131:(232,70);(282,114)
132:(235,74);(284,115)
133:(235,70);(281,111)
134:(233,74);(287,116)
135:(234,70);(283,115)
136:(232,70);(298,122)
137:(234,72);(285,114)
138:(236,74);(289,116)
139:(237,76);(285,117)
140:(236,75);(285,113)
141:(238,73);(289,111)
142:(234,71);(291,114)
143:(232,71);(287,112)
144:(235,76);(290,115)
145:(240,75);(302,122)
146:(237,74);(293,117)
147:(237,77);(290,114)
148:(237,76);(292,120)
149:(231,77);(286,117)
150:(237,80);(292,117)
151:(230,76);(284,116)
152:(235,78);(299,116)
153:(239,75);(285,111)
154:(237,79);(283,111)
155:(234,71);(296,116)
156:(239,76);(291,115)
157:(239,76);(287,107)
158:(241,78);(289,118)
159:(236,76);(293,116)
160:(239,77);(284,113)
161:(237,77);(295,114)
162:(239,80);(291,114)
163:(240,79);(293,112)
164:(234,74);(295,114)
165:(239,78);(293,112)
166:(240,79);(299,117)
167:(254,78);(317,117)
168:(258,76);(310,114)
169:(263,78);(313,117)
170:(263,81);(316,115)
171:(264,80);(320,114)
172:(267,84);(332,127)
173:(264,77);(320,118)
174:(269,76);(321,115)
175:(267,71);(324,116)
176:(266,75);(325,116)
177:(270,80);(320,121)
178:(266,71);(319,119)
179:(268,74);(318,110)
180:(267,78);(320,122)
181:(267,80);(322,116)
182:(257,74);(315,117)
183:(268,73);(326,117)
184:(259,78);(322,118)
185:(270,78);(313,119)
186:(263,75);(315,116)
187:(267,79);(313,115)
188:(265,78);(322,113)
189:(265,77);(304,116)
190:(261,79);(312,115)
191:(266,75);(312,115)
192:(262,78);(307,112)
193:(247,73);(294,109)
194:(245,77);(292,116)
195:(242,76);(294,110)
196:(242,68);(293,110)
197:(243,68);(297,113)
198:(240,73);(293,115)
199:(243,77);(292,114)
200:(234,77);(287,117)
201:(237,80);(294,112)
202:(245,71);(289,112)
203:(243,72);(295,111)
204:(244,74);(291,112)
205:(242,76);(283,108)
206:(237,76);(280,112)
207:(235,78);(278,113)
208:(230,78);(284,114)
209:(233,75);(281,114)
210:(229,77);(278,111)
211:(230,72);(277,113)
212:(228,73);(276,110)
213:(231,76);(278,114)
214:(226,74);(278,115)
215:(228,78);(275,114)
216:(225,74);(272,113)
217:(225,75);(265,109)
218:(220,78);(269,117)
219:(218,80);(264,115)
220:(219,81);(266,115)
221:(219,79);(263,110)
222:(214,77);(265,119)
223:(213,78);(261,115)
224:(201,79);(258,115)
225:(208,82);(249,116)
226:(205,84);(255,120)
227:(205,84);(248,115)
228:(207,84);(247,115)
229:(206,81);(247,114)
230:(203,80);(248,120)
231:(200,79);(245,118)
232:(201,86);(241,117)
233:(196,82);(236,121)
234:(198,83);(243,120)
235:(202,80);(235,118)
236:(195,89);(237,119)
237:(197,88);(235,120)
238:(200,86);(243,122)
239:(191,82);(231,117)
240:(197,84);(237,118)
241:(190,85);(226,121)
242:(187,90);(225,121)
243:(189,87);(228,120)
244:(190,85);(229,123)
245:(182,85);(224,120)
246:(179,76);(225,119)
247:(182,86);(229,127)
248:(177,79);(228,127)
249:(171,83);(221,127)
250:(171,76);(224,125)
251:(172,80);(224,131)
252:(172,78);(230,133)
253:(173,78);(221,125)
254:(171,83);(220,128)
255:(177,86);(227,132)
256:(171,79);(217,124)
257:(174,78);(222,126)
258:(174,82);(218,125)
259:(166,83);(216,134)
260:(171,80);(214,123)
261:(170,78);(213,127)
262:(161,82);(218,133)
263:(163,85);(219,128)
264:(168,83);(220,131)
265:(175,84);(219,142)
266:(166,80);(216,125)
267:(167,81);(214,129)
268:(172,86);(219,133)
269:(165,82);(220,130)
270:(173,82);(222,127)
271:(173,90);(216,128)
272:(157,80);(215,130)
273:(167,81);(229,134)
274:(174,83);(220,131)
275:(169,87);(219,133)
276:(171,84);(219,124)
277:(175,78);(221,123)
278:(172,88);(223,131)
279:(177,85);(223,124)
280:(179,83);(230,125)
281:(184,84);(230,125)
282:(184,80);(233,122)
283:(186,87);(230,125)
284:(179,85);(229,123)
285:(182,88);(235,130)
286:(187,83);(239,127)
287:(195,78);(243,126)
288:(193,81);(240,125)
289:(198,82);(249,120)
290:(207,81);(258,127)
291:(201,80);(252,118)
292:(208,79);(257,121)
293:(215,75);(267,123)
294:(215,80);(266,123)
295:(222,68);(267,121)
296:(217,81);(270,122)
297:(225,74);(276,118)
298:(223,77);(268,119)
299:(222,79);(271,119)
300:(221,83);(274,117)
301:(232,80);(280,124)
302:(228,67);(279,118)
303:(278,119);(276,119)
304:(227,78);(277,118)
305:(227,77);(285,120)
306:(248,71);(296,119)
307:(246,79);(298,124)
308:(250,79);(301,121)
309:(253,78);(306,116)
310:(256,75);(299,115)
311:(258,75);(309,114)
312:(267,77);(324,118)
313:(274,77);(327,124)
314:(267,77);(329,126)
315:(276,76);(327,122)
316:(279,77);(336,127)
317:(285,76);(333,120)
318:(282,69);(332,125)
319:(283,71);(336,120)
320:(281,70);(332,123)
321:(269,71);(333,121)
322:(270,70);(331,123)
323:(277,71);(331,121)
324:(284,81);(336,127)
325:(282,78);(334,119)
326:(287,79);(330,117)
327:(277,77);(334,122)
328:(283,80);(328,120)
329:(284,81);(335,121)
330:(282,83);(333,125)
331:(282,82);(338,121)
332:(282,78);(330,119)
333:(278,74);(328,117)
334:(283,73);(330,113)
335:(278,79);(329,119)
336:(281,80);(334,122)
337:(287,82);(334,123)
338:(284,82);(331,121)
339:(280,79);(337,120)
340:(270,70);(334,117)
341:(287,79);(330,120)
342:(287,83);(330,120)
343:(284,83);(331,121)
344:(288,84);(332,122)
345:(291,83);(337,125)
346:(298,82);(351,123)
347:(301,82);(348,125)
348:(304,84);(353,128)
349:(301,81);(358,133)
350:(303,84);(350,127)
351:(312,84);(355,125)
352:(309,84);(358,128)
353:(313,86);(353,127)
354:(312,92);(353,135)
355:(309,95);(352,135)
356:(308,92);(355,132)
357:(311,91);(358,138)
358:(315,95);(352,135)
359:(309,93);(356,136)
360:(317,93);(359,137)
361:(311,92);(357,139)
362:(313,89);(352,129)
363:(316,99);(354,136)
364:(324,104);(362,151)
365:(322,105);(366,152)
366:(327,106);(366,150)
367:(328,103);(369,151)
368:(327,110);(362,155)
369:(326,108);(369,156)
370:(321,111);(366,159)
371:(337,121);(373,168)
372:(335,119);(379,173)
373:(334,123);(379,173)
374:(337,118);(378,172)
375:(334,122);(379,176)
376:(335,128);(378,175)
377:(339,125);(381,178)
378:(338,126);(386,176)
379:(339,126);(388,178)
380:(345,130);(386,179)
381:(343,131);(382,180)
382:(348,132);(386,179)
383:(348,138);(388,183)
384:(343,132);(386,182)
385:(343,129);(389,187)
386:(343,133);(386,183)
387:(348,126);(395,182)
388:(345,131);(389,181)
389:(350,133);(393,184)
390:(343,125);(392,183)
391:(339,127);(389,182)
392:(345,126);(396,184)
393:(346,126);(393,190)
394:(348,125);(399,189)
395:(348,129);(397,195)
396:(353,130);(393,192)
397:(345,133);(391,190)
398:(355,135);(393,188)
399:(346,137);(396,190)
400:(345,134);(396,191)
401:(346,137);(394,188)
402:(344,133);(393,192)
403:(342,129);(401,194)
404:(347,130);(397,198)
405:(353,128);(397,192)
406:(350,134);(399,192)
407:(342,131);(400,188)
408:(346,135);(392,182)
409:(336,122);(395,188)
410:(347,124);(397,184)
411:(345,113);(396,179)
412:(344,116);(389,173)
413:(343,109);(388,176)
414:(341,107);(385,183)
415:(339,119);(400,184)
416:(339,112);(387,181)
417:(349,110);(395,185)
418:(336,112);(386,177)
419:(342,113);(385,182)
420:(332,108);(388,183)
421:(337,113);(384,177)
422:(342,105);(392,176)
423:(344,113);(388,178)
424:(340,115);(387,179)
425:(341,111);(388,177)
426:(341,115);(391,179)
427:(339,116);(380,173)
428:(338,116);(383,170)
429:(343,112);(389,175)
430:(335,104);(388,177)
431:(342,116);(392,181)
432:(335,118);(387,182)
433:(327,115);(380,179)
434:(337,117);(397,190)
435:(334,106);(378,173)
436:(331,108);(383,173)
437:(327,102);(383,167)
438:(318,98);(376,168)
439:(318,104);(380,169)
440:(319,100);(367,164)
441:(312,92);(367,161)
442:(308,81);(364,153)
443:(308,89);(360,154)
444:(309,90);(368,159)
445:(303,92);(357,157)
446:(299,92);(356,159)
447:(292,90);(346,154)
448:(295,91);(348,153)
449:(290,87);(343,146)
450:(287,89);(341,148)
451:(289,89);(343,147)
452:(277,87);(330,139)
453:(279,89);(335,145)
454:(278,85);(343,149)
455:(263,80);(330,137)
456:(269,89);(312,142)
457:(262,88);(321,143)
458:(261,93);(311,144)
459:(266,92);(318,141)
460:(263,90);(314,140)
461:(262,91);(314,144)
462:(260,88);(310,144)
463:(251,91);(298,137)
464:(254,92);(297,134)
465:(257,90);(302,138)
466:(247,88);(296,136)
467:(248,88);(302,144)
468:(242,91);(301,141)
469:(241,89);(289,132)
470:(240,89);(284,132)
471:(236,98);(280,132)
472:(231,88);(279,132)
473:(238,89);(282,133)
474:(237,89);(283,133)
475:(237,90);(282,134)
476:(233,90);(278,133)
477:(234,90);(280,128)
478:(237,93);(279,132)
479:(231,92);(278,131)
480:(238,95);(288,139)
481:(239,89);(276,127)
482:(237,89);(275,129)
483:(234,83);(280,129)
484:(237,85);(272,122)
485:(239,86);(280,129)
486:(238,87);(285,128)
487:(241,83);(276,121)
488:(237,83);(277,122)
489:(234,81);(277,122)
490:(243,78);(289,122)
491:(244,78);(286,122)
492:(240,76);(280,115)
493:(240,70);(290,116)
494:(245,64);(289,107)
495:(241,62);(298,110)
496:(249,52);(291,98)
497:(249,50);(292,91)
498:(246,49);(290,93)
499:(253,56);(298,95)
500:(255,50);(297,97)
501:(254,54);(293,91)
502:(256,47);(299,92)
503:(255,49);(296,88)
504:(252,46);(292,88)
505:(253,40);(304,85)
506:(256,41);(300,84)
507:(252,41);(299,83)
508:(251,36);(300,77)
509:(253,30);(308,79)
510:(261,30);(311,76)
511:(263,31);(300,67)
512:(268,37);(312,71)
513:(259,33);(312,73)
514:(263,33);(311,71)
515:(262,30);(318,71)
516:(266,30);(312,71)
517:(263,27);(306,63)
518:(264,29);(308,65)
519:(259,28);(311,70)
520:(263,22);(315,67)
521:(264,27);(309,64)
522:(257,22);(309,63)
523:(264,20);(318,61)
524:(265,19);(306,53)
525:(262,21);(317,55)
526:(264,19);(315,49)
527:(264,20);(305,52)
528:(266,14);(317,52)
529:(259,15);(315,54)
530:(265,15);(307,50)
531:(263,16);(315,53)
532:(267,12);(321,52)
533:(262,8);(322,46)
534:(265,11);(311,42)
535:(266,11);(310,40)
536:(266,14);(316,43)
537:(273,13);(315,42)
538:(261,10);(315,49)
539:(260,17);(314,55)
540:(263,24);(323,64)
541:(271,31);(319,69)
542:(265,28);(314,56)
543:(270,25);(320,55)
544:(270,25);(320,59)
545:(269,24);(321,61)
546:(274,27);(325,61)
547:(275,23);(324,58)
548:(265,18);(321,60)
549:(269,22);(330,62)
550:(276,20);(334,65)
551:(270,21);(317,57)
552:(275,29);(319,60)
553:(263,21);(324,64)
554:(271,23);(318,59)
555:(271,29);(325,65)
556:(266,21);(319,61)
557:(276,25);(322,55)
558:(275,28);(324,66)
559:(271,30);(319,67)
560:(264,28);(320,67)
561:(271,31);(318,66)
562:(271,33);(318,66)
563:(264,32);(315,70)
564:(266,37);(313,75)
565:(263,35);(318,73)
566:(267,42);(320,80)
567:(256,37);(310,78)
568:(254,36);(309,71)
569:(261,40);(309,74)
570:(245,36);(310,79)
571:(262,43);(315,82)
572:(258,43);(311,83)
573:(260,50);(302,86)
574:(259,48);(313,85)
575:(259,52);(305,84)
576:(257,55);(304,89)
577:(252,53);(311,90)
578:(262,58);(310,89)
579:(256,60);(304,97)
580:(250,61);(301,96)
581:(255,65);(314,109)
582:(254,71);(311,114)
583:(251,75);(303,119)
584:(252,76);(312,117)
585:(252,78);(308,121)
586:(249,82);(305,122)
587:(252,76);(311,119)
588:(259,79);(313,122)
589:(254,76);(305,118)
590:(257,73);(312,121)
591:(257,83);(319,133)
592:(258,89);(310,135)
593:(255,89);(304,130)
594:(257,91);(313,133)
595:(255,89);(302,131)
596:(258,91);(302,128)
597:(257,95);(309,136)
598:(254,94);(308,136)
599:(257,97);(305,136)
600:(255,90);(303,132)
601:(258,98);(300,131)
602:(257,95);(307,136)
603:(257,99);(305,141)
604:(251,113);(303,154)
605:(251,112);(297,149)
606:(250,109);(294,151)
607:(249,118);(298,162)
608:(248,116);(293,156)
609:(249,123);(304,163)
610:(252,113);(289,156)
611:(250,110);(302,159)
612:(249,118);(292,158)
613:(239,108);(292,155)
614:(249,120);(298,164)
615:(253,125);(298,159)
616:(249,113);(298,159)
617:(244,118);(292,162)
618:(247,123);(301,165)
619:(256,125);(297,163)
620:(247,121);(293,162)
621:(252,121);(292,161)
622:(253,126);(299,170)
623:(257,129);(302,170)
624:(251,130);(298,172)
625:(247,133);(290,174)
626:(250,138);(282,178)
627:(244,143);(290,182)
628:(240,145);(287,185)
629:(238,147);(280,189)
630:(235,147);(287,190)
631:(236,146);(284,190)
632:(236,152);(283,192)
633:(236,153);(287,195)
634:(237,151);(285,192)
635:(238,155);(281,191)
636:(241,157);(283,196)
637:(232,155);(279,192)
638:(240,158);(287,197)
639:(236,155);(284,198)
640:(241,159);(283,195)
641:(247,160);(287,197)
642:(241,163);(281,197)
643:(236,161);(281,197)
644:(244,161);(281,192)
645:(239,154);(288,198)
646:(244,160);(283,200)
647:(249,170);(293,206)
648:(241,161);(284,200)
649:(242,164);(290,202)
650:(247,161);(290,200)
651:(241,162);(290,204)
652:(238,164);(291,201)
653:(242,162);(288,201)
654:(247,166);(289,201)
655:(246,166);(295,204)
656:(247,164);(300,211)
657:(249,165);(305,213)
658:(247,161);(298,205)
659:(246,163);(297,204)
660:(249,162);(295,202)
661:(247,167);(301,206)
662:(252,167);(295,203)
663:(247,161);(298,203)
664:(255,172);(298,207)
665:(248,171);(294,210)
666:(243,168);(293,206)
667:(247,165);(294,205)
668:(248,163);(298,205)
669:(242,160);(302,207)
670:(242,164);(291,209)
671:(245,169);(295,210)
672:(245,171);(290,211)
673:(245,173);(299,217)
674:(242,173);(297,214)
675:(244,168);(300,209)
676:(243,163);(296,210)
677:(234,154);(294,200)
678:(242,154);(293,204)
679:(244,159);(299,205)
680:(236,154);(294,202)
681:(237,155);(289,200)
682:(239,155);(293,199)
683:(245,161);(304,206)
684:(237,157);(299,204)
685:(242,159);(293,200)
686:(245,154);(292,194)
687:(240,152);(294,194)
688:(238,152);(296,194)
689:(241,149);(300,187)
690:(252,155);(304,196)
691:(244,151);(296,191)
692:(240,148);(298,195)
693:(242,149);(297,194)
694:(248,146);(297,186)
695:(241,137);(298,176)
696:(250,136);(293,170)
697:(249,134);(301,172)
698:(245,120);(301,166)
699:(246,121);(301,163)
700:(255,120);(302,157)
701:(253,114);(299,154)
702:(256,117);(303,157)
703:(252,107);(304,153)
704:(250,103);(299,144)
705:(244,96);(301,147)
706:(246,95);(304,143)
707:(243,90);(302,144)
708:(257,97);(301,138)
709:(251,97);(304,138)
710:(255,91);(299,135)
711:(255,94);(304,135)
712:(259,92);(308,130)
713:(263,91);(307,131)
714:(260,92);(304,131)
715:(258,88);(304,127)
716:(261,95);(300,127)
717:(260,90);(305,125)
718:(264,88);(306,127)
719:(259,89);(300,127)
720:(259,89);(301,122)
721:(261,91);(301,126)
722:(264,94);(306,129)
723:(260,88);(305,130)
724:(258,95);(305,135)
725:(268,98);(305,127)
726:(265,89);(298,127)
727:(256,93);(301,131)
728:(262,99);(299,128)
729:(254,91);(302,125)
730:(264,94);(302,131)
731:(257,94);(300,126)
732:(257,89);(303,130)
733:(257,97);(297,133)
734:(261,93);(305,123)
735:(264,80);(309,125)
736:(257,83);(304,128)
737:(263,88);(306,130)
738:(268,93);(314,136)
739:(269,95);(313,135)
740:(273,98);(312,133)
741:(271,94);(315,131)
742:(274,92);(316,131)
743:(277,96);(314,134)
744:(271,98);(318,136)
745:(272,98);(324,142)
746:(275,101);(323,142)
747:(274,101);(326,142)
748:(280,100);(323,141)
749:(280,105);(322,142)
750:(287,108);(329,149)
751:(286,108);(332,146)
752:(285,103);(339,152)
753:(286,103);(332,148)
754:(285,105);(333,145)
755:(284,100);(332,146)
756:(290,106);(337,151)
757:(296,105);(348,153)
758:(305,110);(358,158)
759:(295,100);(352,158)
760:(302,108);(348,156)
761:(294,107);(352,157)
762:(302,107);(368,170)
763:(304,106);(354,158)
764:(300,104);(347,146)
765:(311,109);(360,157)
766:(306,106);(349,161)
767:(307,101);(351,158)
768:(309,106);(347,154)
769:(310,104);(355,162)
770:(309,106);(348,157)
771:(303,104);(351,157)
772:(309,107);(351,157)
773:(307,104);(349,157)
774:(308,106);(350,156)
775:(296,98);(339,152)
776:(290,93);(331,142)
777:(274,91);(317,133)
778:(267,85);(310,133)
779:(265,82);(310,131)
780:(269,92);(313,133)
781:(267,84);(311,134)
782:(265,83);(311,132)
783:(263,88);(319,137)
784:(262,88);(318,143)
785:(245,93);(297,132)
786:(240,102);(287,141)
787:(238,97);(281,140)
788:(236,101);(281,139)
789:(236,100);(281,137)
790:(234,99);(290,148)
791:(236,102);(285,144)
792:(233,100);(285,144)
793:(233,93);(284,137)
794:(237,103);(295,146)
795:(240,99);(283,141)
796:(233,98);(281,134)
797:(241,94);(282,139)
798:(236,95);(279,137)
799:(233,98);(280,136)
800:(234,97);(283,141)
801:(234,100);(278,139)
802:(239,100);(275,133)
803:(232,100);(283,137)
804:(234,100);(276,138)
805:(234,104);(281,138)
806:(255,94);(296,131)
807:(267,98);(315,135)
808:(277,91);(332,133)
809:(297,100);(351,142)
810:(319,103);(361,143)
811:(321,101);(375,152)
812:(339,111);(385,161)
813:(340,114);(392,163)
814:(344,113);(388,160)
815:(352,122);(394,164)
816:(358,122);(394,167)
817:(359,120);(398,163)
818:(356,113);(397,161)
819:(358,116);(403,169)
820:(358,111);(408,169)
821:(359,112);(411,170)
822:(368,127);(407,170)
823:(362,123);(403,174)
824:(356,118);(398,165)
825:(359,121);(398,163)
826:(361,122);(403,175)
827:(356,124);(399,172)
828:(359,121);(400,171)
829:(357,116);(398,165)
830:(360,121);(402,174)
831:(357,119);(404,172)
832:(360,121);(397,167)
833:(360,122);(410,178)
834:(358,117);(400,171)
835:(348,119);(405,174)
836:(361,123);(401,171)
837:(351,118);(402,171)
838:(348,113);(391,166)
839:(354,123);(406,172)
840:(358,119);(406,174)
841:(354,117);(396,165)
842:(354,114);(403,170)
843:(354,111);(412,177)
844:(347,115);(398,168)
845:(360,116);(407,177)
846:(358,118);(398,165)
847:(355,115);(401,163)
848:(358,116);(401,167)
849:(355,118);(401,168)
850:(357,119);(402,170)
851:(358,121);(403,168)
852:(358,116);(410,174)
853:(361,117);(402,168)
854:(355,115);(399,168)
855:(359,121);(405,169)
856:(362,120);(399,163)
857:(362,119);(401,167)
858:(365,125);(400,168)
859:(359,121);(401,168)
860:(365,124);(405,172)
861:(359,114);(400,168)
862:(360,111);(400,163)
863:(359,116);(394,170)
864:(353,115);(393,165)
865:(362,118);(396,166)
866:(359,115);(398,170)
867:(353,112);(392,165)
868:(356,113);(395,166)
869:(349,109);(385,156)
870:(350,108);(386,154)
871:(351,108);(387,152)
872:(351,110);(386,152)
873:(345,107);(384,156)
874:(343,105);(382,156)
875:(339,105);(380,154)
876:(342,108);(385,149)
877:(339,101);(376,145)
878:(338,101);(377,153)
879:(330,106);(365,151)
880:(330,102);(364,145)
881:(330,98);(368,139)
882:(329,94);(374,156)
883:(322,99);(360,147)
884:(320,96);(358,145)
885:(320,98);(360,143)
886:(312,93);(348,139)
887:(317,102);(359,147)
888:(310,95);(345,143)
889:(308,97);(350,141)
890:(312,94);(353,140)
891:(313,94);(348,134)
892:(315,92);(357,145)
893:(308,82);(348,135)
894:(303,84);(361,130)
895:(304,88);(355,140)
896:(313,84);(371,149)
897:(302,75);(357,136)
898:(313,80);(353,134)
899:(309,79);(361,140)
900:(314,90);(351,138)
901:(309,82);(355,134)
902:(310,75);(353,125)
903:(315,69);(363,116)
904:(324,60);(379,113)
905:(329,49);(380,107)
906:(332,51);(373,110)
907:(334,53);(377,102)
908:(338,52);(376,98)
909:(334,40);(373,92)
910:(334,46);(375,94)
911:(340,51);(389,106)
912:(343,51);(385,106)
913:(340,48);(379,95)
914:(349,54);(389,98)
915:(347,42);(383,96)
916:(345,52);(385,99)
917:(346,48);(390,106)
918:(347,44);(382,95)
919:(344,53);(384,103)
920:(350,56);(395,107)
921:(351,48);(382,96)
922:(350,55);(385,100)
923:(348,49);(385,100)
924:(341,48);(384,103)
925:(348,50);(386,99)
926:(347,48);(388,101)
927:(347,48);(388,103)
928:(345,48);(384,99)
929:(350,49);(390,99)
930:(351,49);(387,97)
931:(344,44);(387,102)
932:(349,47);(391,100)
933:(345,47);(386,97)
934:(344,46);(386,104)
935:(344,51);(388,103)
936:(340,46);(387,98)
937:(347,47);(393,106)
938:(350,55);(396,111)
939:(350,52);(395,110)
940:(349,43);(393,106)
941:(347,52);(392,108)
942:(348,56);(396,111)
943:(346,51);(390,106)
944:(346,58);(393,110)
945:(346,56);(392,107)
946:(341,47);(395,106)
947:(354,53);(394,109)
948:(347,59);(397,113)
949:(347,55);(394,112)
950:(341,55);(390,110)
951:(340,58);(394,108)
952:(344,51);(394,106)
953:(346,54);(390,108)
954:(343,55);(388,108)
955:(334,53);(392,107)
956:(343,56);(398,107)
957:(345,54);(398,107)
958:(344,54);(391,106)
959:(341,56);(392,112)
960:(342,57);(395,111)
961:(326,51);(384,108)
962:(334,49);(397,107)
963:(333,45);(385,96)
964:(322,43);(380,95)
965:(326,37);(389,98)
966:(322,39);(381,96)
967:(318,45);(378,95)
968:(319,44);(379,96)
969:(314,48);(378,107)
970:(314,45);(381,107)
971:(313,44);(369,94)
972:(324,52);(374,98)
973:(315,44);(370,93)
974:(321,57);(372,99)
975:(318,47);(368,101)
976:(317,45);(368,98)
977:(322,42);(365,98)
978:(312,41);(359,92)
979:(312,50);(362,99)
980:(313,41);(361,97)
981:(303,42);(351,96)
982:(297,40);(352,97)
983:(313,55);(364,114)
984:(298,58);(357,121)
985:(300,68);(362,123)
986:(289,53);(345,109)
987:(289,55);(348,112)
988:(291,61);(345,115)
989:(287,56);(343,111)
990:(291,61);(338,109)
991:(292,62);(343,110)
992:(296,64);(354,119)
993:(293,61);(339,104)
994:(295,57);(353,112)
995:(292,56);(349,110)
996:(293,55);(342,108)
997:(290,59);(340,114)
998:(275,55);(341,110)
999:(292,58);(341,108)
1000:(289,56);(336,102)
1001:(281,51);(338,105)
1002:(275,55);(336,112)
1003:(282,50);(339,101)
1004:(282,45);(334,99)
1005:(285,54);(339,101)
1006:(292,55);(349,111)
1007:(288,55);(338,108)
1008:(282,61);(337,107)
1009:(294,49);(349,103)
1010:(291,39);(351,98)
1011:(293,51);(345,106)
1012:(291,49);(334,97)
1013:(287,49);(335,95)
1014:(287,54);(342,108)
1015:(296,85);(336,130)
1016:(296,106);(328,144)
1017:(281,120);(331,162)
1018:(290,134);(340,181)
1019:(285,137);(333,182)
1020:(289,139);(340,185)
1021:(289,135);(338,181)
1022:(295,138);(347,186)
1023:(297,146);(349,194)
1024:(302,152);(352,202)
1025:(302,153);(355,199)
1026:(307,151);(354,196)
1027:(309,147);(362,199)
1028:(304,145);(361,203)
1029:(312,151);(364,205)
1030:(312,153);(360,206)
1031:(312,156);(361,208)
1032:(310,155);(357,202)
1033:(317,160);(361,206)
1034:(308,154);(364,207)
1035:(316,151);(357,197)
1036:(314,152);(365,204)
1037:(316,153);(362,201)
1038:(312,150);(358,200)
1039:(314,158);(359,203)
1040:(315,157);(358,202)
1041:(318,157);(364,208)
1042:(322,161);(364,207)
1043:(317,155);(358,198)
1044:(317,150);(363,200)
1045:(323,156);(362,200)
1046:(318,151);(366,204)
1047:(319,149);(364,201)
1048:(318,147);(364,198)
1049:(318,151);(370,200)
1050:(320,149);(365,200)
1051:(316,150);(370,207)
1052:(316,151);(366,201)
1053:(316,149);(359,192)
1054:(320,152);(361,195)
1055:(323,148);(361,189)
1056:(321,145);(360,188)
1057:(312,148);(360,196)
1058:(325,152);(364,194)
1059:(321,145);(359,191)
1060:(321,151);(367,192)
1061:(326,146);(368,190)
1062:(323,150);(361,194)
1063:(329,160);(381,206)
1064:(318,144);(360,190)
1065:(327,138);(358,183)
1066:(329,145);(371,198)
1067:(317,139);(358,189)
1068:(313,126);(356,177)
1069:(294,107);(339,163)
1070:(269,92);(325,147)
1071:(257,91);(343,174)
1072:(231,86);(316,161)
1073:(223,74);(316,154)
1074:(230,83);(321,162)
1075:(220,75);(324,162)
1076:(232,84);(318,161)
1077:(233,83);(322,158)
1078:(238,82);(333,149)
1079:(256,75);(330,150)
1080:(256,67);(331,144)
1081:(251,68);(321,138)
1082:(269,80);(336,142)
1083:(268,73);(343,147)
1084:(272,71);(353,154)
1085:(279,85);(343,154)
1086:(273,58);(344,138)
1087:(276,79);(342,148)
1088:(277,89);(333,152)
1089:(285,94);(337,153)
1090:(286,95);(342,151)
1091:(275,87);(340,153)
1092:(279,95);(332,147)
1093:(282,96);(343,155)
1094:(273,85);(334,146)
1095:(274,83);(337,140)
1096:(293,94);(342,142)
1097:(279,101);(339,164)
1098:(287,104);(346,167)
1099:(282,113);(340,166)
1100:(282,108);(342,159)
1101:(287,113);(339,163)
1102:(279,104);(342,166)
1103:(277,106);(342,160)
1104:(287,114);(342,164)
1105:(269,105);(337,163)
1106:(277,108);(351,170)
1107:(276,108);(340,171)
1108:(282,108);(342,169)
1109:(281,109);(338,167)
1110:(282,109);(340,167)
1111:(282,109);(333,159)
1112:(281,109);(328,158)
1113:(254,92);(323,150)
1114:(249,92);(305,146)
1115:(244,84);(305,139)
1116:(250,85);(315,139)
1117:(250,87);(302,138)
1118:(252,87);(298,134)
1119:(247,88);(313,146)
1120:(252,89);(310,147)
1121:(248,88);(306,141)
1122:(258,95);(311,143)
1123:(247,84);(300,133)
1124:(257,88);(310,138)
1125:(243,82);(301,137)
1126:(251,93);(310,140)
1127:(255,90);(307,138)
1128:(244,83);(300,133)
1129:(242,87);(311,143)
1130:(251,88);(309,135)
1131:(250,82);(303,131)
1132:(251,86);(302,130)
1133:(254,83);(303,133)
1134:(252,87);(313,141)
1135:(245,82);(304,134)
1136:(252,86);(315,141)
1137:(258,86);(310,133)
1138:(251,81);(308,135)
1139:(256,83);(305,126)
1140:(258,85);(296,129)
1141:(252,82);(300,131)
1142:(247,86);(293,131)
1143:(253,86);(297,125)
1144:(247,84);(295,129)
1145:(252,86);(290,120)
1146:(239,72);(297,116)
1147:(243,75);(300,123)
1148:(236,68);(295,118)
1149:(236,66);(306,127)
1150:(229,63);(305,126)
1151:(248,69);(305,125)
1152:(250,67);(301,112)
1153:(266,61);(322,121)
1154:(264,57);(325,117)
1155:(262,56);(324,118)
1156:(262,65);(326,120)
1157:(259,58);(325,122)
1158:(258,51);(330,120)
1159:(267,67);(330,124)
1160:(255,60);(313,117)
1161:(252,48);(314,111)
1162:(255,57);(319,120)
1163:(253,65);(308,117)
1164:(245,63);(297,110)
1165:(255,63);(306,111)
1166:(247,62);(301,115)
1167:(242,59);(303,115)
1168:(246,67);(300,118)
1169:(224,60);(281,110)
1170:(237,63);(291,115)
1171:(233,71);(292,120)
1172:(230,66);(284,111)
1173:(225,61);(281,113)
1174:(232,67);(289,117)
1175:(238,70);(287,113)
1176:(221,59);(282,107)
1177:(227,60);(280,105)
1178:(227,63);(283,112)
1179:(235,73);(287,117)
1180:(225,61);(288,114)
1181:(232,68);(282,117)
1182:(222,66);(280,114)
1183:(232,71);(282,114)
1184:(228,68);(286,116)
1185:(229,69);(285,117)
1186:(228,66);(287,116)
1187:(226,71);(281,115)
1188:(229,75);(280,120)
1189:(236,84);(284,131)
1190:(222,79);(277,125)
1191:(227,81);(283,127)
1192:(219,75);(282,127)
1193:(223,75);(286,126)
1194:(228,81);(282,127)
1195:(224,70);(281,118)
1196:(224,74);(282,116)
1197:(221,79);(291,126)
1198:(229,76);(279,117)
1199:(222,76);(287,118)
1200:(225,80);(276,117)
1201:(227,80);(283,121)
1202:(228,78);(280,121)
1203:(231,77);(280,117)
1204:(225,84);(285,119)
1205:(239,75);(297,126)
1206:(247,74);(302,115)
1207:(275,68);(322,112)
1208:(282,73);(337,117)
1209:(276,71);(333,115)
1210:(276,67);(332,114)
1211:(284,76);(328,118)
1212:(273,70);(332,118)
1213:(279,74);(328,118)
1214:(278,77);(326,115)
1215:(276,68);(333,119)
1216:(273,71);(329,117)
1217:(276,70);(334,121)
1218:(282,70);(329,111)
1219:(286,65);(344,106)
1220:(282,54);(340,100)
1221:(287,61);(339,103)
1222:(285,59);(330,98)
1223:(288,62);(334,101)
1224:(288,57);(338,104)
1225:(288,61);(339,103)
1226:(286,59);(332,101)
1227:(287,59);(333,98)
1228:(286,55);(337,96)
1229:(290,61);(336,100)
1230:(287,61);(335,99)
1231:(290,64);(332,100)
1232:(290,67);(334,104)
1233:(286,59);(338,105)
1234:(290,56);(340,100)
1235:(278,49);(337,101)
1236:(289,62);(336,101)
1237:(283,56);(340,101)
1238:(286,52);(340,100)
1239:(284,50);(343,101)
1240:(286,60);(338,103)
1241:(287,50);(342,104)
1242:(286,61);(338,107)
1243:(286,52);(341,100)
1244:(282,48);(335,96)
1245:(291,50);(335,99)
1246:(285,53);(336,102)
1247:(288,50);(334,101)
1248:(290,52);(336,99)
1249:(286,54);(341,108)
1250:(287,57);(339,104)
1251:(284,58);(335,100)
1252:(276,48);(334,98)
1253:(286,54);(340,102)
1254:(284,52);(340,100)
1255:(292,56);(344,104)
1256:(286,53);(343,107)
1257:(272,68);(318,109)
1258:(255,79);(300,128)
1259:(245,94);(294,137)
1260:(237,95);(287,150)
1261:(231,99);(283,148)
1262:(228,100);(287,148)
1263:(235,108);(284,151)
1264:(238,104);(294,155)
1265:(229,99);(285,151)
1266:(235,102);(294,148)
1267:(232,96);(291,151)
1268:(223,93);(287,147)
1269:(233,99);(296,149)
1270:(232,98);(295,144)
1271:(233,97);(294,142)
1272:(235,94);(284,142)
1273:(237,102);(291,143)
1274:(241,97);(298,146)
1275:(243,97);(300,143)
1276:(242,88);(296,143)
1277:(241,98);(297,145)
1278:(223,89);(287,143)
1279:(241,99);(302,147)
1280:(239,99);(293,146)
1281:(240,95);(284,134)
1282:(242,99);(293,139)
1283:(242,103);(298,151)
1284:(246,102);(297,151)
1285:(245,99);(294,140)
1286:(246,105);(295,142)
1287:(244,97);(300,144)
1288:(247,104);(294,143)
1289:(237,97);(300,147)
1290:(249,99);(305,143)
1291:(248,97);(306,143)
1292:(249,100);(309,149)
1293:(239,98);(292,142)
1294:(247,101);(290,135)
1295:(238,91);(291,136)
1296:(241,94);(298,139)
1297:(244,94);(295,139)
1298:(244,97);(300,143)
1299:(244,94);(295,137)
1300:(246,95);(296,138)
1301:(245,96);(304,138)
1302:(253,92);(301,134)
1303:(253,96);(301,134)
1304:(245,87);(301,136)
1305:(257,87);(301,135)
1306:(256,97);(295,133)
1307:(254,87);(297,131)
1308:(253,92);(297,133)
1309:(254,88);(308,134)
1310:(255,89);(299,135)
1311:(259,90);(307,133)
1312:(260,88);(302,128)
1313:(251,90);(305,133)
1314:(263,96);(303,131)
1315:(250,87);(313,136)
1316:(259,88);(301,129)
1317:(255,87);(306,129)
1318:(267,85);(313,134)
1319:(260,95);(317,140)
1320:(260,93);(312,142)
1321:(256,91);(308,138)
1322:(256,91);(303,133)
1323:(258,97);(305,136)
1324:(260,90);(305,135)
1325:(258,94);(308,134)
1326:(259,86);(307,132)
1327:(251,90);(310,136)
1328:(256,91);(302,136)
1329:(254,92);(311,136)
1330:(260,90);(309,132)
1331:(265,97);(310,140)
1332:(251,90);(311,142)
1333:(260,93);(308,135)
1334:(253,90);(312,140)
1335:(254,90);(308,134)
1336:(265,95);(317,141)
1337:(258,93);(316,142)
1338:(264,91);(314,141)
1339:(260,94);(308,142)
1340:(260,87);(312,135)
1341:(258,93);(307,145)
1342:(263,92);(320,143)
1343:(264,95);(308,139)
1344:(256,92);(305,137)
1345:(258,94);(311,143)
1346:(260,91);(308,136)
1347:(262,91);(313,140)
1348:(261,95);(304,137)
1349:(266,94);(307,135)
1350:(265,95);(309,141)
1351:(269,94);(306,140)
1352:(257,91);(300,131)
1353:(253,88);(303,134)
1354:(262,91);(308,138)
1355:(254,89);(306,135)
1356:(257,88);(307,135)
1357:(259,86);(304,133)
1358:(255,87);(309,133)
1359:(259,90);(301,132)
1360:(255,86);(305,136)
1361:(255,89);(304,136)
1362:(255,83);(300,125)
1363:(263,89);(305,132)
1364:(246,85);(305,136)
1365:(253,92);(306,137)
1366:(260,88);(303,138)
1367:(256,81);(316,127)
1368:(279,81);(332,125)
1369:(285,76);(326,124)
1370:(275,80);(320,125)
1371:(275,82);(326,128)
1372:(275,77);(326,124)
1373:(274,75);(319,126)
1374:(282,76);(329,123)
1375:(286,70);(325,110)
1376:(285,61);(333,106)
1377:(284,57);(334,100)
1378:(286,51);(332,100)
1379:(278,51);(329,100)
1380:(285,56);(334,101)
1381:(286,62);(329,102)
1382:(291,63);(331,104)
1383:(276,69);(335,119)
1384:(244,68);(337,145)
1385:(235,76);(329,156)
1386:(240,81);(334,159)
1387:(251,95);(323,157)
1388:(241,79);(316,142)
1389:(249,72);(328,127)
1390:(261,58);(342,136)
1391:(267,54);(335,120)
1392:(272,43);(329,101)
1393:(280,52);(334,109)
1394:(274,55);(327,111)
1395:(276,60);(333,110)
1396:(278,53);(331,108)
1397:(273,57);(343,123)
1398:(279,55);(329,107)
1399:(282,50);(328,91)
1400:(276,41);(329,93)
1401:(278,38);(323,94)
1402:(282,44);(330,89)
1403:(273,47);(326,94)
1404:(280,46);(332,98)
1405:(279,48);(330,99)
1406:(273,52);(319,93)
1407:(275,51);(329,99)
1408:(278,47);(325,95)
1409:(271,47);(325,95)
1410:(270,46);(325,95)
1411:(271,47);(321,92)
1412:(273,47);(324,89)
